===========compare/layer0_cp0_sp0_step1_kv_prefill_context_before_mla.pkl============
[[ 0.04443359 -0.00144196  0.01397705 ...  0.03125     0.01068115
  -0.09326172]
 [ 0.04638672  0.06396484  0.05126953 ... -0.11523438  0.14355469
  -0.20410156]
 [-0.01916504  0.00408936  0.0246582  ...  0.01202393  0.03125
   0.00643921]
 ...
 [ 0.02270508  0.02246094 -0.0123291  ... -0.0144043   0.00056839
  -0.0065918 ]
 [-0.00595093  0.03027344 -0.03125    ...  0.27539062 -0.03417969
   0.03881836]
 [ 0.01013184  0.01531982 -0.01586914 ... -0.00175476  0.00095367
   0.00506592]]
Data loaded successfully:
===========compare/layer0_cp0_sp1_step1_kv_prefill_context_before_mla.pkl============
[[-2.1743774e-04  1.9897461e-02 -4.6997070e-03 ...  1.8798828e-02
   1.1047363e-02  4.1503906e-02]
 [ 7.3730469e-02 -6.2988281e-02 -2.2363281e-01 ... -1.0986328e-02
  -8.1787109e-03 -3.6865234e-02]
 [-1.0192871e-02  1.7318726e-03  8.6669922e-03 ... -1.4038086e-02
   7.5912476e-04  2.8320312e-02]
 ...
 [ 2.3345947e-03  1.0925293e-02  4.6630859e-02 ... -7.7148438e-02
   2.6123047e-02 -3.1738281e-02]
 [ 5.4687500e-02  3.9672852e-03 -2.2888184e-03 ...  2.3681641e-02
  -3.2196045e-03 -2.3193359e-02]
 [ 1.1367798e-03  2.0751953e-03  7.1716309e-03 ... -1.1840820e-02
   4.9804688e-02  4.1809082e-03]]
Data loaded successfully:
===========compare/layer0_cp1_sp0_step1_kv_prefill_context_before_mla.pkl============
[[ 0.00059128 -0.00291443  0.00747681 ... -0.01019287 -0.01153564
  -0.01208496]
 [-0.00817871  0.01031494  0.00263977 ... -0.00921631  0.09423828
   0.00637817]
 [-0.01904297 -0.00201416 -0.01623535 ... -0.00704956  0.01495361
   0.04833984]
 ...
 [ 0.00588989  0.0111084   0.00601196 ... -0.00708008  0.01635742
   0.00411987]
 [ 0.08544922  0.04248047 -0.03076172 ... -0.01977539 -0.00147247
  -0.0145874 ]
 [ 0.00170135  0.00408936 -0.01190186 ... -0.00994873  0.00683594
  -0.01074219]]
Data loaded successfully:
===========compare/layer0_cp1_sp1_step1_kv_prefill_context_before_mla.pkl============
[[ 0.02783203  0.01806641 -0.00238037 ...  0.01611328  0.02502441
   0.05151367]
 [ 0.05322266 -0.07373047 -0.21972656 ... -0.00308228  0.01586914
  -0.02770996]
 [-0.01184082  0.00692749  0.00032616 ... -0.01074219 -0.01190186
   0.03198242]
 ...
 [ 0.09277344  0.06494141  0.07226562 ... -0.09814453 -0.01385498
  -0.00842285]
 [ 0.06103516 -0.03149414 -0.02893066 ...  0.03491211  0.01202393
  -0.02453613]
 [ 0.00482178  0.00215149 -0.00079346 ...  0.00323486  0.04418945
   0.00891113]]
Data loaded successfully:
===========compare/layer0_cp2_sp0_step1_kv_prefill_context_before_mla.pkl============
[[-0.01782227 -0.00970459  0.00367737 ...  0.01525879  0.00300598
   0.00091171]
 [-0.00379944  0.01080322  0.01367188 ... -0.02392578 -0.09619141
   0.001091  ]
 [ 0.00567627  0.0055542  -0.01470947 ... -0.02526855 -0.0123291
   0.02197266]
 ...
 [-0.00509644  0.01037598  0.00060272 ... -0.03295898  0.00616455
  -0.00354004]
 [ 0.05664062  0.05395508 -0.02124023 ... -0.01965332  0.01147461
  -0.02514648]
 [ 0.00619507  0.00631714  0.00033188 ... -0.01965332  0.00238037
  -0.01831055]]
Data loaded successfully:
===========compare/layer0_cp2_sp1_step1_kv_prefill_context_before_mla.pkl============
[[ 0.01025391  0.00056458  0.01153564 ...  0.02209473  0.0071106
   0.05908203]
 [ 0.05004883 -0.06591797 -0.2109375  ...  0.00086212 -0.01312256
  -0.02294922]
 [ 0.00390625  0.00588989  0.01635742 ... -0.01544189 -0.01251221
   0.01208496]
 ...
 [ 0.01477051  0.01586914  0.04223633 ... -0.06225586  0.04272461
  -0.02038574]
 [ 0.01171875  0.00457764 -0.01855469 ...  0.07714844 -0.01177979
  -0.02709961]
 [ 0.00582886 -0.00101471  0.01525879 ... -0.0135498   0.04467773
  -0.00189209]]
Data loaded successfully:
===========compare/layer0_cp3_sp0_step1_kv_prefill_context_before_mla.pkl============
[[-0.00402832  0.01202393  0.00065231 ... -0.02038574 -0.00065994
  -0.01171875]
 [-0.02648926  0.01495361 -0.00714111 ... -0.02026367  0.12451172
  -0.00085449]
 [-0.01464844 -0.01098633  0.00078201 ...  0.01031494  0.006073
   0.0045166 ]
 ...
 [ 0.01696777  0.00405884 -0.00674438 ...  0.00891113 -0.00585938
   0.01116943]
 [ 0.07373047  0.04199219 -0.01904297 ... -0.01623535 -0.00107574
  -0.03881836]
 [-0.00041008  0.00515747 -0.02075195 ...  0.00131226  0.01586914
  -0.0019989 ]]
Data loaded successfully:
===========compare/layer0_cp3_sp1_step1_kv_prefill_context_before_mla.pkl============
[[ 0.00375366 -0.01092529  0.01483154 ...  0.01159668 -0.02258301
   0.04296875]
 [ 0.04174805 -0.09033203 -0.19042969 ... -0.00131989  0.0065918
  -0.01733398]
 [-0.01324463 -0.00067902  0.00854492 ... -0.00315857 -0.00628662
   0.00994873]
 ...
 [ 0.04467773 -0.00671387  0.02453613 ... -0.0625      0.01928711
   0.00637817]
 [ 0.05615234  0.01916504 -0.01397705 ...  0.03320312 -0.01318359
  -0.02062988]
 [-0.00354004  0.00720215  0.0267334  ... -0.01171875  0.04370117
  -0.00473022]]
Data loaded successfully:
