===========kv_debug_8/compare_gt/layer0_cp0_sp0_step0_kv_decode_before_mla.pkl============
offset 0
[[ 0.04443359 -0.00144196  0.01397705 ...  0.03125     0.01068115
  -0.09326172]
 [ 0.04638672  0.06396484  0.05126953 ... -0.11523438  0.14355469
  -0.20410156]
 [-0.01916504  0.00408936  0.0246582  ...  0.01202393  0.03125
   0.00643921]
 ...
 [ 0.13085938 -0.00390625  0.10498047 ... -0.09033203 -0.06591797
   0.21582031]
 [ 0.21484375  0.19140625 -0.11523438 ... -0.03198242  0.00671387
   0.03198242]
 [ 0.00854492  0.01037598  0.00294495 ...  0.00145721  0.07080078
   0.02062988]]
offset 8
[[ 0.00279236  0.00454712  0.00692749 ...  0.00242615 -0.00314331
  -0.00939941]
 [ 0.03662109  0.00686646  0.00059128 ...  0.00854492 -0.02319336
  -0.04589844]
 [-0.0144043  -0.00952148 -0.00939941 ...  0.00427246 -0.0025177
   0.01513672]
 ...
 [ 0.02734375 -0.05786133 -0.0255127  ...  0.02172852 -0.02062988
   0.02062988]
 [-0.0088501   0.09960938  0.01489258 ... -0.05175781  0.00665283
   0.00601196]
 [ 0.00689697  0.00372314  0.00212097 ... -0.00830078 -0.07226562
   0.0067749 ]]
Data loaded successfully:
===========kv_debug_8/compare_gt/layer0_cp0_sp1_step0_kv_decode_before_mla.pkl============
offset 0
[[ 0.00059128 -0.00291443  0.00747681 ... -0.01019287 -0.01153564
  -0.01208496]
 [-0.00817871  0.01031494  0.00263977 ... -0.00921631  0.09423828
   0.00637817]
 [-0.01904297 -0.00201416 -0.01623535 ... -0.00704956  0.01495361
   0.04833984]
 ...
 [ 0.04467773 -0.00671387  0.02453613 ... -0.0625      0.01928711
   0.00637817]
 [ 0.05615234  0.01916504 -0.01397705 ...  0.03320312 -0.01318359
  -0.02062988]
 [-0.00354004  0.00720215  0.0267334  ... -0.01171875  0.04370117
  -0.00473022]]
offset 8
[[ 0.00202942  0.00127411  0.02758789 ...  0.01293945 -0.00367737
   0.00282288]
 [ 0.00540161  0.01611328  0.00056458 ... -0.01831055 -0.0402832
   0.01391602]
 [ 0.02709961 -0.00469971 -0.02038574 ... -0.01574707 -0.00300598
  -0.00239563]
 ...
 [ 0.09277344  0.06494141  0.07226562 ... -0.09814453 -0.01385498
  -0.00842285]
 [ 0.06103516 -0.03149414 -0.02893066 ...  0.03491211  0.01202393
  -0.02453613]
 [ 0.00482178  0.00215149 -0.00079346 ...  0.00323486  0.04418945
   0.00891113]]
Data loaded successfully:
===========kv_debug_8/compare_gt/layer0_cp1_sp0_step0_kv_decode_before_mla.pkl============
offset 0
[[ 0.00202942  0.00127411  0.02758789 ...  0.01293945 -0.00367737
   0.00282288]
 [ 0.00540161  0.01611328  0.00056458 ... -0.01831055 -0.0402832
   0.01391602]
 [ 0.02709961 -0.00469971 -0.02038574 ... -0.01574707 -0.00300598
  -0.00239563]
 ...
 [ 0.09277344  0.06494141  0.07226562 ... -0.09814453 -0.01385498
  -0.00842285]
 [ 0.06103516 -0.03149414 -0.02893066 ...  0.03491211  0.01202393
  -0.02453613]
 [ 0.00482178  0.00215149 -0.00079346 ...  0.00323486  0.04418945
   0.00891113]]
offset 8
[[-1.7822266e-02 -9.7045898e-03  3.6773682e-03 ...  1.5258789e-02
   3.0059814e-03  9.1171265e-04]
 [-3.7994385e-03  1.0803223e-02  1.3671875e-02 ... -2.3925781e-02
  -9.6191406e-02  1.0910034e-03]
 [ 5.6762695e-03  5.5541992e-03 -1.4709473e-02 ... -2.5268555e-02
  -1.2329102e-02  2.1972656e-02]
 ...
 [ 4.7119141e-02 -7.8125000e-03 -2.4108887e-03 ... -5.3710938e-02
   3.5888672e-02 -6.9274902e-03]
 [ 1.0253906e-02  5.3710938e-02  1.0559082e-02 ...  2.2827148e-02
  -4.5061111e-05  2.1118164e-02]
 [ 1.1840820e-02  5.5541992e-03  1.3427734e-02 ... -4.9438477e-03
   3.7353516e-02  9.4604492e-03]]
Data loaded successfully:
===========kv_debug_8/compare_gt/layer0_cp1_sp1_step0_kv_decode_before_mla.pkl============
offset 0
[[-1.7822266e-02 -9.7045898e-03  3.6773682e-03 ...  1.5258789e-02
   3.0059814e-03  9.1171265e-04]
 [-3.7994385e-03  1.0803223e-02  1.3671875e-02 ... -2.3925781e-02
  -9.6191406e-02  1.0910034e-03]
 [ 5.6762695e-03  5.5541992e-03 -1.4709473e-02 ... -2.5268555e-02
  -1.2329102e-02  2.1972656e-02]
 ...
 [ 4.7119141e-02 -7.8125000e-03 -2.4108887e-03 ... -5.3710938e-02
   3.5888672e-02 -6.9274902e-03]
 [ 1.0253906e-02  5.3710938e-02  1.0559082e-02 ...  2.2827148e-02
  -4.5061111e-05  2.1118164e-02]
 [ 1.1840820e-02  5.5541992e-03  1.3427734e-02 ... -4.9438477e-03
   3.7353516e-02  9.4604492e-03]]
offset 8
[[ 0.01171875 -0.01049805 -0.00068665 ...  0.01220703 -0.01049805
  -0.02661133]
 [ 0.0027771   0.00787354  0.00515747 ... -0.00346375  0.07714844
   0.01000977]
 [-0.00291443 -0.00177002 -0.00543213 ... -0.02600098  0.0267334
  -0.00878906]
 ...
 [ 0.01477051  0.01586914  0.04223633 ... -0.06225586  0.04272461
  -0.02038574]
 [ 0.01171875  0.00457764 -0.01855469 ...  0.07714844 -0.01177979
  -0.02709961]
 [ 0.00582886 -0.00101471  0.01525879 ... -0.0135498   0.04467773
  -0.00189209]]
Data loaded successfully:
===========kv_debug_8/compare_gt/layer0_cp2_sp0_step0_kv_decode_before_mla.pkl============
offset 0
[[ 0.01171875 -0.01049805 -0.00068665 ...  0.01220703 -0.01049805
  -0.02661133]
 [ 0.0027771   0.00787354  0.00515747 ... -0.00346375  0.07714844
   0.01000977]
 [-0.00291443 -0.00177002 -0.00543213 ... -0.02600098  0.0267334
  -0.00878906]
 ...
 [ 0.01477051  0.01586914  0.04223633 ... -0.06225586  0.04272461
  -0.02038574]
 [ 0.01171875  0.00457764 -0.01855469 ...  0.07714844 -0.01177979
  -0.02709961]
 [ 0.00582886 -0.00101471  0.01525879 ... -0.0135498   0.04467773
  -0.00189209]]
offset 8
[[-4.02832031e-03  1.20239258e-02  6.52313232e-04 ... -2.03857422e-02
  -6.59942627e-04 -1.17187500e-02]
 [-2.64892578e-02  1.49536133e-02 -7.14111328e-03 ... -2.02636719e-02
   1.24511719e-01 -8.54492188e-04]
 [-1.46484375e-02 -1.09863281e-02  7.82012939e-04 ...  1.03149414e-02
   6.07299805e-03  4.51660156e-03]
 ...
 [ 2.41699219e-02  1.70898438e-03  2.74658203e-02 ... -4.17480469e-02
   3.46679688e-02 -1.14135742e-02]
 [-3.06396484e-02  6.98242188e-02 -6.37817383e-03 ... -2.70996094e-02
   4.07695770e-05 -7.53784180e-03]
 [ 1.94549561e-03 -3.14331055e-03  8.85009766e-03 ... -7.66754150e-04
   4.22363281e-02 -4.15802002e-04]]
Data loaded successfully:
===========kv_debug_8/compare_gt/layer0_cp2_sp1_step0_kv_decode_before_mla.pkl============
offset 0
[[-4.02832031e-03  1.20239258e-02  6.52313232e-04 ... -2.03857422e-02
  -6.59942627e-04 -1.17187500e-02]
 [-2.64892578e-02  1.49536133e-02 -7.14111328e-03 ... -2.02636719e-02
   1.24511719e-01 -8.54492188e-04]
 [-1.46484375e-02 -1.09863281e-02  7.82012939e-04 ...  1.03149414e-02
   6.07299805e-03  4.51660156e-03]
 ...
 [ 2.41699219e-02  1.70898438e-03  2.74658203e-02 ... -4.17480469e-02
   3.46679688e-02 -1.14135742e-02]
 [-3.06396484e-02  6.98242188e-02 -6.37817383e-03 ... -2.70996094e-02
   4.07695770e-05 -7.53784180e-03]
 [ 1.94549561e-03 -3.14331055e-03  8.85009766e-03 ... -7.66754150e-04
   4.22363281e-02 -4.15802002e-04]]
offset 8
[[ 0.00059128 -0.00291443  0.00747681 ... -0.01019287 -0.01153564
  -0.01208496]
 [-0.00817871  0.01031494  0.00263977 ... -0.00921631  0.09423828
   0.00637817]
 [-0.01904297 -0.00201416 -0.01623535 ... -0.00704956  0.01495361
   0.04833984]
 ...
 [ 0.04467773 -0.00671387  0.02453613 ... -0.0625      0.01928711
   0.00637817]
 [ 0.05615234  0.01916504 -0.01397705 ...  0.03320312 -0.01318359
  -0.02062988]
 [-0.00354004  0.00720215  0.0267334  ... -0.01171875  0.04370117
  -0.00473022]]
Data loaded successfully:
===========kv_debug_8/compare_gt/layer0_cp3_sp0_step0_kv_decode_before_mla.pkl============
offset 0
[[ 0.00059128 -0.00291443  0.00747681 ... -0.01019287 -0.01153564
  -0.01208496]
 [-0.00817871  0.01031494  0.00263977 ... -0.00921631  0.09423828
   0.00637817]
 [-0.01904297 -0.00201416 -0.01623535 ... -0.00704956  0.01495361
   0.04833984]
 ...
 [ 0.04467773 -0.00671387  0.02453613 ... -0.0625      0.01928711
   0.00637817]
 [ 0.05615234  0.01916504 -0.01397705 ...  0.03320312 -0.01318359
  -0.02062988]
 [-0.00354004  0.00720215  0.0267334  ... -0.01171875  0.04370117
  -0.00473022]]
offset 8
[[ 0.00202942  0.00127411  0.02758789 ...  0.01293945 -0.00367737
   0.00282288]
 [ 0.00540161  0.01611328  0.00056458 ... -0.01831055 -0.0402832
   0.01391602]
 [ 0.02709961 -0.00469971 -0.02038574 ... -0.01574707 -0.00300598
  -0.00239563]
 ...
 [ 0.09277344  0.06494141  0.07226562 ... -0.09814453 -0.01385498
  -0.00842285]
 [ 0.06103516 -0.03149414 -0.02893066 ...  0.03491211  0.01202393
  -0.02453613]
 [ 0.00482178  0.00215149 -0.00079346 ...  0.00323486  0.04418945
   0.00891113]]
Data loaded successfully:
===========kv_debug_8/compare_gt/layer0_cp3_sp1_step0_kv_decode_before_mla.pkl============
offset 0
[[ 0.00202942  0.00127411  0.02758789 ...  0.01293945 -0.00367737
   0.00282288]
 [ 0.00540161  0.01611328  0.00056458 ... -0.01831055 -0.0402832
   0.01391602]
 [ 0.02709961 -0.00469971 -0.02038574 ... -0.01574707 -0.00300598
  -0.00239563]
 ...
 [ 0.09277344  0.06494141  0.07226562 ... -0.09814453 -0.01385498
  -0.00842285]
 [ 0.06103516 -0.03149414 -0.02893066 ...  0.03491211  0.01202393
  -0.02453613]
 [ 0.00482178  0.00215149 -0.00079346 ...  0.00323486  0.04418945
   0.00891113]]
offset 8
[[-1.7822266e-02 -9.7045898e-03  3.6773682e-03 ...  1.5258789e-02
   3.0059814e-03  9.1171265e-04]
 [-3.7994385e-03  1.0803223e-02  1.3671875e-02 ... -2.3925781e-02
  -9.6191406e-02  1.0910034e-03]
 [ 5.6762695e-03  5.5541992e-03 -1.4709473e-02 ... -2.5268555e-02
  -1.2329102e-02  2.1972656e-02]
 ...
 [ 4.7119141e-02 -7.8125000e-03 -2.4108887e-03 ... -5.3710938e-02
   3.5888672e-02 -6.9274902e-03]
 [ 1.0253906e-02  5.3710938e-02  1.0559082e-02 ...  2.2827148e-02
  -4.5061111e-05  2.1118164e-02]
 [ 1.1840820e-02  5.5541992e-03  1.3427734e-02 ... -4.9438477e-03
   3.7353516e-02  9.4604492e-03]]
Data loaded successfully:
